       1   2   3   4   5   6   7   8   9   10  11  12  13  14

 1-    1   3   6   10  15  21  28  36  45  55  66  78  91  105
 2-    2   5   9   14  20  27  35  44  54  65  77  90  104
 3-    4   8   13  19  26  34  43  53  64  76  89  103
 4-    7   12  18  25  33  42  52  63  75  88  102
 5-    11  17  24  32  41  51  62  74  87  101
 6-    16  23  31  40  50  61  73  86  100
 7-    22  30  39  49  60  72  85  99
 8-    29  38  48  59  71  84  98
 9-    37  47  58  70  83  97
10-    46  57  69  82  96
11-    56  68  81  95
12-    67  80  94
13-    79  93
14-    92
